3684 4880
581 2962
581 3059
581 2065
581 4880
2065 2962
2065 3059
2962 3059
1952 1345
1345 3851
1345 1345
1345 4175
1345 3925
1603 1680
2891 1680
4303 1680
1680 1439
3297 1167
4330 1974
1167 1974
1167 120
2656 3214
5229 3345
5229 3214
5229 3774
3784 1469
3784 627
627 1469
1469 2638
2491 3159
2491 3556
3556 733
733 3159
696 1913
1913 124
1913 267
1344 202
1350 202
202 3170
2569 3529
2569 3253
4521 3529
2393 1938
2393 1206
1938 2516
1206 1206
808 2853
808 4738
4738 4738
3776 1643
1643 1758
2200 3788
2200 2057
5170 2150
1370 2150
3889 2757
3906 2757
3432 3476
3476 1710
4433 915
4433 3454
3882 5204
5060 5204
459 213
213 2494
1985 31
1985 2698
2177 282
282 2407
3624 180
3624 3624
3624 1859
4085 460
460 1781
937 4685
937 586
2563 3468
2563 2563
2563 3558
3468 3468
3468 3558
4561 3828
3828 406
1276 3430
3430 1302
184 184
184 195
184 5631
195 195
195 5631
488 597
488 5130
5130 597
968 2996
2996 4061
753 2742
4329 2742
1247 2462
1247 1719
145 5018
145 2167
2237 3598
757 2199
5 829
1576 2496
2297 1822
4779 1628
616 2214
4732 3406
933 1039
1889 1919
2036 1158
3418 1853
340 1532
880 2116
194 300
2866 678
2904 3134
2904 2904
3134 3134
4482 3188
2833 3459
2752 1947
3721 2531
4300 1868
1868 1868
3260 1526
3307 356
4220 2087
3681 2813
4554 3821
672 5012
1531 3980
2704 2826
2826 2826
3323 2093
1468 3223
984 1323
1139 1139
1139 2485
2072 253
697 1403
4293 4974
1224 1224
1224 2890
3954 2709
3110 5126
1259 3111
2202 519
4547 1692
4325 2030
4452 3399
3972 2156
4508 4453
3465 1718
1718 1718
3626 3003
457 602
2811 3263
5152 2249
4593 4593
4593 3101
305 886
2317 903
1862 2279
2431 3807
1200 3256
2339 492
1009 2070
3246 1775
1596 1823
4537 3143
5142 4839
4693 4911
778 2354
376 4008
566 566
2391 2391
3398 3398
3287 3287
792 792
313 313
3803 3803
1261 1261
1218 1218
608 608
2546 2546
4401 4401
3357 3357
3203 3203
2308 2308
4914 4914
1895 1895
278 278
3013 3013
2084 2084
2364 2364
2781 2781
570 570
3015 3015
935 935
590 590
3184 3184
4673 4673
4283 4283
3 4636
3 3482
3 3473
3 893
3 5049
3 54
3 4004
3 4583
3 3453
4 1627
9 2384
10 735
12 2492
12 1801
12 4107
15 299
17 677
17 2238
17 2629
17 4017
17 2666
17 543
17 4245
17 1444
17 4873
17 5147
17 2482
17 1544
22 1805
23 4857
24 3388
25 255
26 2260
27 2216
27 3480
29 2654
29 2478
29 1315
32 4261
34 299
34 2943
34 4050
35 334
35 2741
35 2680
35 3386
35 2965
35 1101
36 3640
37 1279
37 1416
37 3291
37 2050
37 4271
39 992
39 4106
39 2739
39 4159
39 3230
41 4079
42 4813
45 4395
45 2083
45 3724
45 2665
46 630
48 2198
54 3482
54 815
54 3745
54 763
54 714
54 4612
55 2261
55 4957
55 3204
55 941
56 5178
56 4793
56 2870
56 294
56 4266
56 2955
57 3283
57 3756
60 735
62 3637
62 161
63 789
63 3637
63 2629
65 65
65 276
68 349
68 496
69 2375
69 1372
73 255
79 2191
79 2006
79 479
81 735
81 5227
81 841
81 2976
81 4070
81 538
81 2002
81 1194
81 2782
81 2938
81 1114
81 443
81 4654
82 4749
82 410
82 2957
82 82
82 4533
82 2907
84 1433
87 2825
89 1942
89 3495
89 2482
89 4879
89 1782
89 684
90 3881
91 866
94 4808
94 2532
96 1656
96 3422
96 2971
96 3282
96 1166
96 579
96 96
98 3947
99 3414
99 532
99 4125
99 3014
99 3945
99 3317
99 5262
99 1783
99 4488
99 2182
103 2739
106 1536
106 106
107 4087
111 2191
112 2667
112 3990
112 4389
112 3661
112 4812
112 2769
112 2808
112 701
112 4633
112 1038
112 622
112 5171
112 1377
112 1659
112 530
113 631
114 1634
114 1939
115 5246
116 4168
116 1917
117 2020
118 2697
118 1060
119 3881
119 4375
119 2435
119 233
119 3318
119 3417
119 2562
119 3581
119 1392
119 4588
119 3215
119 2260
119 2511
121 397
121 2506
121 4949
121 4555
128 183
128 4195
133 4411
136 1371
137 4004
139 4187
139 4588
139 3273
139 991
139 4295
140 1287
140 2858
140 4583
143 2534
143 1600
143 4146
143 1250
143 143
143 1955
143 3299
143 1650
143 986
144 727
144 3386
151 4617
155 3097
155 2181
155 4269
155 1244
155 5610
155 197
155 1797
155 5623
155 872
155 5628
155 4902
155 1646
155 5103
155 3440
155 5076
155 2961
157 2609
158 1586
160 3678
160 763
160 2809
160 4698
160 5224
160 3836
160 2351
161 4989
161 4670
161 3364
161 4079
161 2697
161 1059
165 3014
168 2185
168 1251
171 2047
171 4404
171 2768
171 536
171 600
172 536
172 2875
172 1452
172 5019
172 2047
172 2907
172 2951
172 2236
173 255
173 575
177 3439
177 2020
177 3745
177 1287
177 2653
177 4583
177 4352
197 3097
198 449
203 1942
203 4651
203 735
203 664
207 1966
208 735
208 1939
209 1878
211 3317
211 2628
211 5155
215 744
215 2512
216 3293
216 3638
216 2971
216 4222
216 3137
216 5221
221 2267
224 3061
228 777
230 3703
232 4205
232 5122
232 3656
232 4204
232 3354
232 3834
233 2511
233 4531
233 3581
233 4588
233 2435
234 921
234 2242
234 2768
234 1997
239 771
239 4621
239 1007
239 3775
240 4247
240 542
240 3030
240 4438
240 1937
240 3853
240 3053
240 3597
240 856
240 4687
241 2805
241 2851
241 1827
244 3414
247 2189
248 3332
248 1996
249 867
249 1129
249 4418
249 2049
249 2495
249 1440
254 479
255 633
255 1051
255 5051
255 2105
255 1373
255 1571
255 3630
255 3555
255 2022
255 357
255 2674
255 4321
255 345
255 1618
255 1436
255 2769
255 4781
255 3801
255 2525
255 2163
255 2368
255 1565
255 3884
255 4169
255 2386
255 997
255 4373
255 3178
255 853
255 3563
255 2583
255 3057
255 3930
255 4052
255 2052
255 1580
256 953
256 4901
258 4143
258 2469
258 2362
258 1888
258 4996
258 545
259 3885
259 1322
259 3874
261 1534
261 4230
261 3402
262 2565
266 2762
266 1287
268 3939
268 1540
268 1916
269 1800
269 2139
269 3023
270 4940
272 929
272 272
272 2421
273 4875
273 3273
273 3581
273 3318
273 3881
275 275
275 1778
276 708
276 3883
276 2644
277 4970
277 2288
279 1072
281 2812
284 3777
284 2002
292 2614
294 1776
294 4128
294 5242
294 1766
294 2205
294 4096
294 4680
294 2929
294 1771
294 1347
294 4692
294 5178
294 1436
294 4292
294 2816
294 1051
294 5245
294 4597
295 3022
295 3870
295 5049
295 2256
296 2384
296 2649
299 724
299 5186
299 920
299 2335
299 940
299 2965
299 1966
299 3222
299 3883
299 2971
299 1076
299 3070
299 3346
299 4253
299 4549
299 1733
299 1543
299 3552
299 1491
299 3259
299 5230
299 3368
299 4668
299 5231
299 5187
299 1319
307 4004
308 2594
309 3438
309 4718
309 866
311 2341
312 941
312 384
312 3204
312 4957
312 2261
323 3293
323 3166
323 2216
327 582
327 2641
327 4400
327 622
328 5212
329 3671
330 2525
332 824
332 560
332 1997
332 2006
332 866
332 748
332 3919
334 2666
334 1942
334 588
334 3386
334 2965
334 1534
334 4654
334 2529
336 3422
336 579
336 1166
339 2511
339 927
339 1535
339 5175
343 2197
348 3585
349 3845
349 3546
349 991
349 4295
352 3480
361 3501
361 1666
361 3801
361 1241
361 1334
361 3050
362 2739
363 1766
364 1915
371 3293
378 621
379 3804
379 632
380 2264
380 866
380 1471
384 2261
384 4957
385 2718
385 1135
385 1458
389 4817
397 1951
397 3933
397 397
397 3409
397 4196
398 3571
398 4180
401 1348
401 2537
401 1766
401 1972
401 2641
401 4602
401 4484
401 3541
402 2139
403 4244
405 1176
409 2776
409 5007
410 4749
410 4310
410 2957
410 5117
410 2046
410 582
410 4533
410 1525
410 807
410 3731
410 4851
425 1496
425 3295
425 4893
425 2954
426 3800
426 701
429 5186
430 1007
430 805
435 474
435 929
435 1452
435 3457
437 1534
438 3656
441 1878
441 2122
441 3495
441 3808
443 4654
445 2191
446 3407
449 1534
449 3668
456 1939
458 1654
458 4131
458 4768
462 2250
462 2501
462 4262
464 1586
464 2840
464 750
465 2465
466 3508
474 1834
474 4142
474 3457
474 3060
474 929
476 1878
477 2839
477 477
477 1300
479 2191
479 3915
479 2198
479 3876
479 4654
479 4079
479 3555
479 5266
479 2092
481 4131
483 4506
499 2495
499 1129
501 2685
501 1738
501 2632
501 2717
501 4378
501 4194
501 4481
501 893
507 824
507 748
510 4798
515 1601
518 2864
518 3379
518 2243
518 2681
522 2209
524 4607
524 524
524 2381
524 3219
525 4607
530 2918
530 852
532 5262
532 746
532 4125
532 4099
532 2182
532 4074
533 4400
534 4520
536 4013
536 4143
537 972
537 885
537 3664
537 2122
537 2682
537 4727
537 4377
537 1904
537 2481
537 2235
538 1534
538 1191
538 1114
538 1666
538 4253
538 4079
538 3801
538 4090
538 2191
538 4118
542 4435
542 1937
543 4017
543 2666
543 4336
543 1064
543 3704
543 4847
543 4873
543 4245
543 824
543 1997
543 5147
543 2180
545 545
550 4411
555 2351
555 4574
555 2809
556 3360
556 3663
558 563
560 2242
560 824
560 2425
560 632
560 866
560 4873
560 748
560 4870
560 1724
563 5240
563 1534
563 1011
564 1783
564 3014
564 710
564 3637
564 1072
564 4099
574 3317
579 579
579 3422
582 1496
582 4633
582 1159
582 3953
582 1766
582 622
582 1348
582 3885
582 2225
582 760
582 2506
582 4598
582 4942
582 743
582 807
582 4919
588 2739
595 2384
595 3752
600 4837
604 4616
617 3255
617 4047
618 3656
618 4799
619 3386
619 5224
620 3482
620 3473
620 2838
620 1085
620 2408
620 3439
621 3482
621 3473
621 3745
621 1287
621 5139
621 2020
621 3446
621 4583
621 2574
621 3108
621 2517
621 5024
621 1199
621 4993
621 675
621 3815
621 2533
621 3604
621 3909
621 3131
621 4408
621 4932
621 791
622 4812
622 1348
622 4598
622 5176
622 5171
622 1614
622 2225
622 1724
622 1649
622 2769
622 2341
622 2197
622 3990
622 631
622 4633
622 1571
622 1097
622 2667
622 4389
622 4725
623 1930
623 3293
626 1612
626 3656
630 4818
630 1670
631 1614
631 1571
631 1773
631 5176
632 2242
632 4474
632 866
632 2006
632 4873
632 2641
633 633
635 1437
635 4724
637 2031
637 2428
637 2267
639 5262
639 716
641 4224
641 737
641 1441
641 4124
641 5100
641 2697
641 2499
641 5004
641 2468
642 972
642 1966
642 2022
650 3051
650 2267
655 3985
657 702
657 759
659 2384
662 4115
664 735
669 4865
669 2878
669 3352
677 1064
677 4336
677 1786
677 2666
677 4245
677 5147
679 679
679 1088
684 855
688 955
690 1096
691 4946
691 4112
691 3358
691 2901
691 2627
699 1644
700 4003
700 1396
701 2667
701 2341
701 4633
701 2808
701 3990
701 5171
701 2769
701 4389
702 3916
702 1695
702 702
702 1918
702 3522
702 2470
702 5096
705 4411
705 4419
706 3061
706 5039
708 1554
709 4004
710 3839
710 2408
710 1612
710 2858
712 3745
712 2020
714 2653
714 2020
714 3585
714 1287
714 3745
714 3439
714 4468
715 3346
715 5186
716 3317
716 5262
716 3414
716 746
716 3014
716 2914
716 4534
716 4125
716 4488
716 2182
718 4253
718 4661
719 3678
720 1653
722 3570
728 1534
728 1248
728 3952
728 4515
728 4204
728 1766
728 1587
728 3680
729 3255
729 1020
730 2191
730 2112
734 1942
735 1246
735 2114
735 1966
735 1194
735 2839
735 2213
735 1875
735 922
735 3413
735 2022
735 4784
735 3987
735 1389
735 4772
735 1700
735 4801
737 1535
743 3753
743 1496
744 4633
746 3317
746 5262
746 3014
746 746
746 4488
746 2182
747 2010
748 2762
748 1786
748 2242
748 2195
748 824
748 5147
748 1979
748 3947
748 3985
748 4905
748 2535
748 2006
748 2372
748 4541
748 1598
748 2641
748 4942
748 1193
749 3153
755 1916
756 3215
756 2519
756 1392
756 5173
756 2654
756 3417
756 4031
756 812
759 2501
759 1949
759 986
760 1586
760 3039
760 807
763 2688
763 1287
763 5218
763 3473
763 2020
763 2478
763 4583
763 2373
763 2702
765 4450
765 2747
769 1800
769 3885
769 1159
769 2253
769 2197
769 3195
770 1930
770 3014
770 1083
770 4337
770 1371
770 4927
770 4767
770 1488
771 3053
771 1778
771 1856
771 1620
775 789
775 1939
777 4664
777 3637
777 777
777 1122
785 1496
785 4294
786 1236
788 3231
788 1920
789 1939
789 3386
789 5063
789 1534
800 4096
800 2802
801 1339
801 3335
802 4363
802 1960
804 2512
804 3469
807 4310
807 2957
815 3473
815 4583
815 4050
823 4805
824 2242
824 1997
824 3910
824 3919
824 1064
824 1979
824 5147
824 2039
830 3156
830 3495
830 3570
837 2850
839 1001
840 4984
841 3933
841 2782
841 4654
841 3396
848 5115
848 848
848 5243
848 1534
849 3046
849 2130
852 1348
852 2372
852 4205
852 1369
855 4959
855 3153
855 4698
855 1130
855 4678
857 1652
859 3014
860 3014
860 5186
864 2270
866 2242
866 5057
866 2006
866 4400
866 2641
867 1129
867 2495
872 3097
877 4047
881 3071
882 4400
884 4854
884 2261
884 3565
884 2571
885 3386
885 4977
885 3753
885 929
885 2122
885 4253
885 1298
885 3921
893 2685
893 2094
893 2632
893 2717
893 4194
893 1738
893 4378
893 4481
893 4566
894 4118
895 4865
897 972
899 3499
901 3777
901 2257
901 4566
901 1251
901 2612
905 4378
905 4502
906 2739
908 3741
908 2587
908 4879
910 2565
913 3922
913 1819
913 1654
913 3339
913 5748
914 1431
914 4709
920 3215
920 5236
921 2006
921 3237
921 4709
924 4431
924 4721
924 5219
924 1385
925 1586
927 2468
927 4529
927 5055
928 3499
929 2122
929 929
929 3060
929 2296
929 3457
929 4253
929 4142
929 4977
930 2739
932 2500
936 4654
936 2822
936 1772
936 3283
940 3638
940 3137
940 4222
940 2971
940 5221
941 3434
941 2261
941 4957
944 2085
945 4110
949 5240
950 4989
950 3971
950 1945
953 4654
953 3648
954 1966
954 2734
955 4097
955 1728
960 1655
960 2110
960 1652
963 1776
963 4128
963 1766
963 2816
963 1436
963 1347
963 4266
963 4292
963 2929
963 4627
963 1051
963 1771
963 2205
963 4096
963 4692
963 4680
963 4597
965 2883
972 3985
972 2085
972 3434
972 5212
972 3304
972 3205
972 2951
972 3121
977 3469
978 2755
978 4541
978 3570
978 3098
980 3353
980 1175
981 1194
981 2692
985 3014
985 1083
985 3317
985 5262
985 3292
985 1371
985 2037
985 4337
985 2572
985 3620
985 1354
986 1600
986 1955
986 3299
986 1250
986 2335
986 4146
986 4713
986 986
986 2534
987 4119
990 1968
991 3868
992 3370
992 2163
996 4363
997 1534
1000 1000
1000 3347
1000 1845
1001 1038
1002 3051
1002 4995
1002 4003
1003 3988
1003 4924
1003 3513
1003 4909
1004 3009
1007 4438
1007 3775
1013 3546
1013 3255
1014 3637
1016 3544
1016 2750
1016 1577
1020 2358
1022 5224
1022 1688
1022 4019
1023 2280
1032 4473
1035 1035
1035 3215
1035 2059
1035 4846
1035 2447
1035 1940
1035 1613
1035 1805
1035 1098
1035 5028
1035 3258
1035 4244
1042 3885
1043 2004
1051 5242
1051 1766
1051 2205
1051 2929
1051 4096
1051 4692
1051 3513
1051 4364
1051 4627
1051 2392
1052 4304
1052 4699
1052 3032
1054 1561
1054 2869
1054 1591
1059 1365
1059 2948
1060 4654
1060 1235
1061 2506
1061 4534
1061 1322
1061 2627
1061 4552
1064 2666
1064 4336
1071 3409
1072 2965
1072 1757
1072 3106
1072 3262
1073 4682
1083 3777
1083 2565
1084 4321
1084 1666
1084 1241
1084 3050
1085 2413
1085 3439
1085 2739
1087 1306
1088 1088
1088 3631
1093 4811
1094 3413
1096 4265
1096 1096
1097 2707
1098 3258
1098 3417
1098 2447
1098 1771
1114 1194
1122 4036
1122 1335
1122 2138
1123 2629
1123 1665
1126 3258
1126 5236
1126 2500
1126 3215
1126 3590
1126 4908
1126 2000
1129 2495
1129 4418
1130 3152
1132 4636
1132 2198
1132 2739
1132 3745
1132 1818
1132 4540
1132 2858
1132 3107
1142 1142
1142 1982
1143 1306
1145 3804
1146 1997
1149 1306
1155 1534
1159 4435
1159 2774
1159 5134
1160 3808
1160 1561
1160 2566
1160 1778
1160 2027
1160 1595
1160 4419
1160 5066
1163 1842
1163 2191
1165 1569
1166 5102
1169 3499
1174 3730
1174 1458
1174 3570
1174 4601
1174 3461
1174 1295
1175 2756
1176 3258
1176 3508
1185 1652
1186 3014
1189 2766
1189 2373
1189 2688
1189 4011
1192 2384
1193 2480
1194 4070
1194 2410
1194 1784
1196 4087
1197 5023
1199 1571
1205 3046
1205 4088
1209 3004
1210 4268
1210 3051
1211 2180
1212 3985
1213 2640
1223 3374
1229 4265
1230 3808
1235 2122
1236 3637
1240 4197
1240 2565
1240 3292
1241 3501
1241 1906
1241 3801
1241 1666
1243 2600
1243 1737
1244 3097
1245 4450
1246 3425
1246 3204
1246 4271
1246 4652
1246 2022
1246 1279
1248 3388
1248 1248
1250 1600
1250 2745
1250 4713
1250 1650
1250 2335
1250 4146
1250 3281
1251 1494
1256 4400
1256 1465
1263 1656
1265 1845
1265 4189
1265 2163
1265 4944
1267 2739
1271 4853
1273 1485
1273 1864
1277 1743
1277 2020
1277 2478
1277 2653
1277 2416
1278 2345
1278 5158
1279 3425
1279 2114
1279 1416
1279 3291
1279 3073
1279 4271
1281 4072
1286 3637
1287 3482
1287 1743
1287 4464
1287 3985
1287 2198
1287 2739
1287 2145
1287 2408
1287 3156
1287 1818
1287 4984
1287 4916
1287 4232
1287 1941
1289 1772
1292 3292
1293 4076
1296 3752
1296 4733
1298 3678
1298 2122
1300 4290
1305 4948
1305 2574
1306 3480
1307 5063
1310 4191
1310 2216
1314 2335
1315 2124
1315 1315
1315 4430
1319 2883
1320 4808
1321 2526
1321 4909
1321 2722
1322 4534
1322 2348
1322 4552
1325 2634
1325 3518
1326 4523
1334 4654
1334 4230
1334 3475
1334 1666
1335 5103
1335 2845
1335 1335
1335 4015
1335 2292
1339 4450
1339 5112
1339 3985
1339 3335
1339 5065
1347 1776
1347 4128
1347 5242
1347 1436
1347 4692
1347 4680
1347 5245
1347 1398
1347 4597
1347 1771
1347 2816
1347 4292
1347 5178
1347 1890
1347 2073
1348 1649
1348 1773
1348 3544
1348 2384
1348 2197
1348 2750
1348 1598
1348 4602
1348 4484
1355 2105
1365 1535
1365 5014
1365 1365
1371 3317
1371 5262
1371 3014
1375 2082
1377 4411
1379 2613
1386 3894
1386 3555
1392 3881
1392 4588
1392 2511
1392 3273
1396 4191
1396 4115
1396 4003
1396 3765
1396 2855
1397 4131
1398 2838
1398 2420
1398 4320
1398 3439
1402 1496
1405 1752
1406 3985
1406 2184
1406 1406
1416 3425
1416 2114
1416 2193
1416 5175
1421 3689
1424 4365
1425 2472
1426 2468
1426 4224
1426 2499
1431 3412
1431 2274
1431 1874
1431 2828
1433 3547
1436 1776
1436 4128
1436 5242
1436 5178
1436 4292
1436 2816
1436 1890
1436 4692
1436 4680
1436 4597
1437 2433
1437 3554
1437 3944
1437 1437
1437 4724
1437 2035
1437 3946
1440 4418
1440 2495
1441 4881
1443 2902
1443 1443
1443 3506
1444 2629
1444 2238
1445 2384
1445 1864
1445 3071
1452 2761
1452 1992
1452 3575
1452 1854
1452 4064
1452 2296
1452 3829
1458 4977
1458 1761
1458 4107
1459 1845
1459 4189
1463 2009
1465 1766
1465 4400
1470 3051
1471 3650
1471 2066
1475 3594
1483 2640
1484 2145
1484 2653
1484 3745
1485 2027
1496 5186
1496 2954
1496 3953
1496 1803
1496 4893
1496 1752
1496 3883
1496 4088
1501 1733
1501 2747
1503 3678
1503 3638
1503 2049
1503 5101
1513 3753
1514 3791
1514 1515
1515 3790
1515 3996
1515 1515
1515 4286
1515 4285
1515 1691
1525 4749
1525 4851
1534 3475
1534 1794
1534 4230
1534 1686
1534 5051
1534 4709
1534 3177
1534 2191
1534 3461
1534 4204
1534 1835
1534 4065
1534 4601
1534 2185
1534 1965
1534 4814
1534 4118
1534 2618
1535 2468
1535 2499
1535 3417
1535 5055
1535 4531
1535 4224
1535 4817
1536 4187
1536 4728
1536 3656
1536 4799
1537 3911
1540 1997
1541 2242
1541 1541
1543 5220
1543 5132
1544 2238
1544 1544
1548 2875
1553 1982
1554 4812
1554 1912
1554 2227
1554 4409
1555 1555
1555 4699
1560 2139
1560 4473
1560 1897
1560 4548
1560 1757
1561 4457
1563 4224
1563 2468
1563 5100
1569 2653
1569 2654
1569 3672
1569 2838
1569 2837
1569 3985
1569 3819
1571 2197
1571 4725
1571 1773
1571 2225
1575 3750
1578 4096
1586 4342
1586 3115
1586 3274
1586 3632
1586 4203
1591 1645
1591 1591
1591 3773
1592 4138
1592 3040
1592 1592
1592 3637
1592 3753
1592 2335
1592 1675
1592 2870
1595 4457
1597 4197
1598 2145
1598 3439
1598 2372
1598 4723
1598 4450
1600 1955
1600 4146
1600 3299
1600 2534
1601 1601
1601 3786
1601 4749
1605 5218
1609 3174
1609 1652
1611 1982
1612 2667
1612 2341
1612 2769
1612 4389
1612 2808
1612 4812
1612 3661
1612 4633
1612 2608
1612 1729
1613 3258
1613 1771
1613 3417
1614 2089
1614 4725
1621 3752
1621 4733
1622 3215
1625 1916
1627 2500
1627 3590
1631 1916
1634 4191
1634 2946
1634 2330
1644 2458
1645 2010
1645 2869
1645 3700
1646 3097
1647 4400
1648 1992
1649 1773
1650 3299
1650 4146
1650 1955
1650 4713
1650 2534
1650 3281
1652 1984
1652 2861
1653 2298
1654 1819
1654 4369
1654 3144
1654 5748
1654 3358
1654 3339
1654 4874
1654 2686
1655 2972
1655 1817
1656 2881
1656 2636
1656 1783
1656 1757
1656 1896
1656 4332
1666 4321
1666 4654
1666 3801
1666 3050
1667 1667
1667 2977
1675 3678
1675 4374
1675 4310
1675 2049
1675 2169
1675 2870
1676 4243
1676 2688
1676 2977
1683 3255
1686 4118
1688 3346
1691 2595
1694 2184
1695 3060
1695 2210
1695 2298
1695 1695
1695 3854
1696 3724
1696 2984
1696 4486
1696 3617
1696 4178
1696 2460
1705 3278
1706 2435
1706 1922
1713 2184
1713 3990
1716 2565
1717 3607
1724 1773
1725 3317
1725 2614
1728 4970
1728 3631
1729 3000
1729 3030
1733 1980
1735 2253
1735 1766
1737 4568
1738 4481
1738 2717
1738 4194
1738 2632
1738 4378
1740 3353
1740 2834
1743 2478
1743 3366
1743 2020
1743 3745
1743 2653
1743 3029
1743 2145
1743 2408
1743 2416
1752 2594
1753 4865
1755 2185
1757 2139
1757 5063
1757 3280
1757 3659
1757 2542
1757 1973
1757 3070
1757 3499
1757 3300
1757 3486
1757 4473
1757 1897
1757 2937
1759 2492
1759 3726
1759 4969
1761 3386
1761 5224
1763 1805
1766 4197
1766 5242
1766 4627
1766 2114
1766 2929
1766 4364
1766 4692
1766 3204
1766 3885
1766 4680
1766 3513
1766 5038
1766 4484
1766 3541
1766 2392
1766 2368
1766 2441
1770 1930
1771 1776
1771 4128
1771 5242
1771 1890
1771 2816
1771 5178
1771 3258
1771 2059
1771 4244
1771 4692
1771 4680
1771 2447
1771 4219
1773 2197
1773 4725
1773 1911
1773 5176
1773 2027
1773 2225
1773 2009
1773 4860
1776 4128
1776 5178
1776 5242
1776 2816
1776 4692
1776 4096
1776 4292
1776 5245
1778 3907
1778 2476
1779 2335
1782 3456
1782 1942
1783 4336
1786 2242
1786 2238
1786 5147
1786 4245
1794 2384
1795 4865
1796 3570
1797 3097
1800 2028
1800 4733
1800 3752
1800 3023
1801 2492
1801 4512
1802 2739
1805 3417
1805 5232
1808 5236
1808 2500
1808 3590
1808 3366
1808 4908
1815 4819
1815 2601
1818 2020
1818 4540
1819 3339
1821 2526
1824 2428
1825 5128
1825 3554
1826 3723
1827 2851
1830 3388
1830 1924
1830 3200
1830 4087
1834 3457
1834 3060
1835 2082
1840 3836
1840 2809
1840 3009
1840 4574
1840 2522
1840 4587
1845 4189
1845 4436
1845 3278
1846 5224
1850 3637
1850 1850
1850 4865
1850 3985
1850 3131
1854 3439
1854 2413
1864 2649
1864 2027
1864 2384
1865 1939
1873 1949
1874 3412
1874 2274
1878 1878
1888 2267
1890 4128
1890 5242
1890 5178
1890 4096
1890 4292
1890 4692
1890 4680
1890 2816
1890 4597
1896 4970
1896 3700
1897 4197
1897 2139
1897 4473
1915 4749
1916 3939
1917 4168
1920 3506
1926 2468
1926 2499
1927 5051
1929 4047
1930 2559
1934 3219
1934 2404
1937 4435
1939 4166
1939 1966
1939 2657
1939 2735
1939 5612
1939 3341
1939 4032
1940 1940
1941 3255
1941 2020
1942 3495
1942 1942
1942 4682
1942 2587
1942 2082
1949 3637
1951 2635
1951 2429
1951 1951
1955 3299
1955 4146
1955 3281
1958 4223
1959 4430
1960 4450
1964 3366
1966 1966
1967 2139
1968 2198
1968 2990
1971 3412
1971 3226
1972 3635
1973 2139
1973 2556
1973 2844
1973 3449
1976 4178
1976 2064
1976 2460
1979 2425
1979 5147
1979 3519
1979 3704
1980 2145
1982 2298
1987 3048
1989 2838
1994 4333
1994 2562
1997 2039
1997 2634
1997 4949
1997 3593
1997 4912
1997 2077
1997 3667
1997 3385
1997 4847
1997 3554
1997 3683
1998 3022
1998 5049
1999 4363
2000 4244
2000 2000
2001 2001
2001 4180
2002 3777
2002 2002
2002 3158
2003 3740
2003 3741
2004 3637
2004 2145
2004 3667
2004 5172
2006 4996
2006 2250
2006 2425
2006 3919
2006 5061
2006 4487
2006 2343
2009 3723
2011 5101
2011 3817
2013 4682
2014 3461
2017 3258
2020 4636
2020 3482
2020 3473
2020 3933
2020 3029
2020 5236
2020 2739
2020 2145
2020 2408
2020 4916
2020 4674
2026 3750
2026 4107
2028 3023
2031 2829
2031 4488
2032 4805
2032 4363
2032 4430
2032 3074
2032 4261
2032 3668
2032 3740
2032 3829
2035 4724
2035 5047
2035 3001
2035 3437
2038 2829
2039 2657
2039 2768
2039 2425
2039 5158
2040 4970
2041 2041
2041 3060
2046 2875
2046 3562
2046 2047
2046 2381
2047 2875
2047 3562
2047 2555
2049 3678
2049 2049
2049 4180
2049 3562
2049 4664
2049 3902
2049 3961
2050 2242
2050 3758
2050 3425
2050 3546
2050 2114
2050 3014
2050 5129
2050 4714
2050 3291
2050 3547
2051 2191
2051 2739
2056 2565
2059 3258
2059 2447
2059 3417
2061 2565
2064 4178
2064 3617
2064 2064
2064 3353
2064 2616
2064 2460
2064 2504
2071 4088
2083 4395
2083 2083
2083 2665
2083 3724
2083 3353
2092 2191
2094 2685
2094 2632
2094 2717
2094 4194
2094 4481
2097 2097
2097 5049
2097 3870
2099 3522
2105 3849
2109 5057
2110 5069
2110 4901
2111 3097
2114 3758
2119 2139
2121 2242
2121 4400
2121 4474
2122 3678
2122 4606
2122 4253
2122 3386
2123 4418
2123 4741
2124 2774
2124 3434
2124 4430
2124 3195
2125 4033
2125 4953
2127 3094
2127 4568
2127 3464
2127 3414
2130 2139
2130 2703
2131 3570
2132 2692
2132 2505
2138 2327
2139 4265
2139 4786
2139 3381
2139 2978
2139 3069
2139 3070
2139 4548
2139 3499
2139 5063
2139 3023
2139 5049
2139 3486
2139 3551
2139 3789
2139 4473
2139 4570
2139 3277
2139 3936
2139 3527
2140 3353
2140 2140
2140 4395
2145 2858
2145 4809
2145 5093
2145 3745
2145 2562
2145 3672
2145 3439
2145 2408
2145 2362
2163 4106
2163 4721
2163 3370
2168 2191
2175 3907
2175 4211
2175 2406
2181 3097
2182 5262
2182 3014
2182 2914
2182 4125
2184 3985
2184 4984
2186 3458
2189 2191
2191 3314
2191 3964
2191 2879
2191 3985
2191 2635
2191 4996
2191 5133
2191 3555
2191 4072
2191 2303
2191 2782
2191 4079
2191 2345
2191 2191
2191 4244
2191 3557
2191 5159
2192 5224
2193 2298
2193 5235
2193 2594
2195 4996
2195 4487
2197 2372
2197 2197
2197 2750
2197 2225
2197 4598
2197 3899
2198 3745
2198 2838
2198 4583
2198 2653
2198 4420
2205 2929
2205 4627
2205 4364
2205 5242
2205 2392
2205 4680
2209 2438
2209 4647
2210 3457
2210 3060
2213 5186
2216 3293
2216 2661
2216 3037
2216 3896
2221 2267
2221 2428
2225 4725
2225 3515
2225 4205
2225 2608
2225 3953
2225 5176
2227 3354
2238 4245
2238 4336
2238 4873
2240 2298
2242 2425
2242 3919
2242 4996
2242 4520
2243 2864
2260 3881
2260 4033
2260 2411
2261 3204
2261 3554
2261 4957
2265 5233
2265 3014
2265 3317
2265 5262
2267 4197
2267 4541
2267 2507
2267 2428
2267 4218
2267 2362
2270 3883
2270 2587
2270 4879
2272 4739
2272 2356
2274 3412
2278 4989
2280 2623
2280 4840
2280 3579
2287 3417
2287 4565
2296 4142
2296 2296
2296 3060
2298 2298
2298 4632
2314 2384
2331 3317
2332 4654
2333 2603
2335 5186
2335 3700
2338 3273
2341 2667
2341 4812
2341 2808
2341 4389
2341 2769
2341 3990
2341 4633
2345 4667
2345 3745
2345 4583
2345 4658
2348 4534
2348 4552
2348 2609
2351 2809
2353 4471
2355 5224
2363 2384
2368 3107
2369 4464
2369 3758
2372 5057
2372 4205
2372 2750
2372 3544
2372 2707
2373 5122
2373 4478
2375 3194
2375 4901
2375 5215
2375 2775
2381 3204
2381 2707
2383 2408
2384 5019
2384 3710
2384 2654
2384 2960
2384 2649
2392 4680
2392 4597
2392 2929
2392 4627
2392 4364
2392 5242
2394 4651
2395 5062
2403 2429
2403 2829
2406 4506
2408 3482
2408 2653
2408 2416
2408 2739
2412 3014
2413 3473
2413 2739
2416 3029
2419 2511
2420 2779
2420 2538
2421 4781
2424 3747
2425 3933
2425 3704
2425 2768
2425 3919
2428 2906
2428 3968
2428 3679
2429 5186
2429 2829
2432 4818
2433 4464
2433 3933
2435 2511
2435 3273
2435 3914
2435 4588
2435 3318
2435 2435
2435 3581
2437 4977
2441 5038
2444 4865
2447 3258
2447 4244
2447 3417
2454 4565
2458 4805
2460 2460
2460 3353
2460 4395
2460 4448
2461 2547
2465 3289
2468 2499
2468 3581
2468 2509
2468 4078
2468 4258
2468 4531
2472 2940
2472 3160
2472 3584
2472 4689
2472 4680
2478 3482
2478 3029
2478 3661
2478 2739
2478 2653
2478 4945
2478 3342
2479 3014
2481 2481
2482 4488
2482 2587
2482 3570
2484 5240
2484 3546
2492 3678
2495 4418
2499 3412
2499 4258
2499 2499
2499 2697
2500 5028
2500 4110
2506 3642
2506 4087
2511 3881
2511 3332
2511 3273
2511 4588
2511 3581
2511 3318
2511 3768
2511 4470
2511 3546
2511 3751
2511 5055
2511 4751
2512 4566
2513 4865
2517 2517
2517 3637
2522 4574
2522 4587
2525 2818
2525 5121
2525 4553
2525 2829
2525 2959
2526 4637
2529 3332
2532 4808
2532 3546
2533 3439
2534 4146
2534 4713
2537 3588
2537 4602
2537 4484
2542 3522
2547 2593
2547 4534
2556 4473
2562 4782
2562 3417
2562 5042
2565 3317
2565 3423
2565 3442
2565 3620
2565 2613
2566 5021
2566 2829
2566 4195
2566 2818
2571 4733
2571 3752
2574 2574
2574 4931
2581 5224
2587 3570
2587 4879
2592 4197
2593 4592
2594 5032
2595 2789
2599 3745
2601 2668
2601 3289
2601 4036
2603 2909
2604 3515
2606 3664
2617 3663
2617 3370
2617 4130
2619 4111
2620 4724
2620 3437
2628 3317
2628 5262
2628 3014
2629 4245
2629 4336
2629 4873
2632 2685
2632 4194
2632 2717
2632 4481
2637 3412
2640 5099
2640 3255
2640 3747
2641 4400
2641 4873
2641 4017
2641 5057
2649 5019
2651 4197
2653 4945
2653 3482
2653 3029
2653 2838
2653 3158
2653 2739
2653 3919
2654 4803
2654 4244
2654 5173
2654 3215
2654 3546
2657 4318
2661 3293
2661 3037
2661 3166
2666 5147
2666 4245
2667 4812
2667 3661
2667 5171
2667 2808
2667 4633
2667 2769
2667 4205
2667 3990
2668 4654
2670 4853
2670 2703
2670 3069
2670 3046
2674 2674
2680 4977
2685 4194
2685 2717
2685 3014
2685 4378
2688 4993
2688 5122
2688 4205
2688 4739
2697 4033
2703 3854
2703 4853
2707 4992
2708 2747
2711 4522
2713 5028
2717 4481
2717 4566
2722 4924
2722 3513
2722 4909
2739 3866
2739 4583
2739 3745
2739 3109
2739 3585
2739 4099
2739 4940
2739 3186
2739 4818
2739 3686
2739 3814
2751 4865
2751 4360
2756 3353
2762 4029
2768 4996
2768 5061
2769 3990
2769 4812
2769 2808
2769 5240
2769 4389
2769 3661
2776 4588
2782 2782
2782 4616
2805 4388
2805 5614
2805 2851
2808 3515
2808 3990
2808 5171
2808 3661
2808 5235
2809 4574
2809 4587
2809 3836
2812 4083
2812 3453
2812 4118
2816 4128
2816 5178
2816 4096
2816 4680
2816 5245
2816 4597
2818 4522
2821 4371
2821 3388
2824 5007
2825 3947
2828 3412
2829 4182
2830 4817
2832 3897
2832 4999
2832 2832
2832 4718
2832 3974
2838 3439
2844 4473
2845 3499
2850 4611
2850 2940
2851 4756
2854 3570
2854 3819
2855 4003
2858 3745
2858 4583
2858 3342
2861 4315
2864 3534
2864 3301
2864 2901
2870 4946
2870 4266
2878 4798
2882 4873
2882 3957
2882 2882
2885 4805
2888 4698
2888 4230
2893 4654
2899 3074
2900 4901
2902 3051
2902 4013
2907 4970
2907 4683
2907 3817
2909 3004
2914 3014
2914 4125
2914 2914
2914 4822
2918 3495
2918 4317
2926 2926
2926 3409
2929 3513
2929 4680
2929 4364
2929 4627
2930 4473
2931 3887
2931 4111
2931 3032
2943 3883
2943 3386
2943 5063
2955 3608
2955 4266
2957 4749
2957 4851
2957 4533
2963 4989
2965 5186
2965 4079
2965 3700
2971 3638
2971 5221
2975 4473
2990 2990
2999 4412
2999 3044
2999 5057
3004 4901
3004 3640
3014 3317
3014 5262
3014 5233
3014 4775
3014 5100
3014 4125
3014 4566
3014 4767
3014 4337
3014 4334
3022 3158
3022 5049
3023 4786
3024 4197
3029 3366
3029 3745
3030 4087
3032 3032
3032 5049
3032 4699
3032 4304
3037 3166
3037 3896
3037 5023
3037 3037
3039 3562
3039 3885
3040 3637
3040 3753
3043 3637
3043 3043
3046 3854
3048 4266
3048 3092
3049 4126
3050 4654
3050 4321
3051 4191
3051 4268
3051 4003
3053 4247
3053 4621
3053 3775
3056 4726
3056 3319
3056 3396
3058 3439
3060 3457
3060 4142
3060 4977
3067 4682
3070 5063
3070 3883
3070 4473
3071 3520
3073 3758
3073 5175
3073 4271
3074 3829
3088 4760
3088 4761
3097 4902
3097 5610
3097 3440
3097 5628
3097 5613
3106 3637
3107 3777
3107 4583
3109 3412
3131 4865
3131 3637
3137 4222
3149 3453
3153 4959
3153 3495
3153 4230
3153 4250
3153 4698
3153 3461
3156 3453
3156 4063
3158 3745
3158 4523
3158 4050
3166 3293
3166 3166
3166 3896
3176 4352
3177 4654
3179 3789
3186 3186
3195 3195
3196 4317
3197 4388
3197 3512
3204 4957
3215 3258
3215 5173
3215 5236
3215 4038
3215 4031
3222 3853
3226 3412
3234 3295
3237 4487
3252 4400
3252 4197
3255 4916
3258 4846
3258 3417
3258 5236
3262 3262
3273 3881
3273 4588
3281 4713
3281 3299
3281 3787
3283 4906
3283 3756
3289 3495
3289 4143
3289 4678
3289 3858
3291 4186
3291 3291
3291 3425
3291 4271
3293 5169
3293 3896
3295 3918
3299 4713
3299 4473
3303 4134
3303 5158
3317 5155
3317 4635
3317 5233
3318 3881
3318 4588
3318 3581
3335 5065
3339 5748
3339 3358
3339 4104
3346 5015
3346 5063
3353 4395
3353 4111
3353 3353
3353 3724
3354 4205
3354 4811
3360 3663
3360 3370
3366 3590
3370 3663
3370 4130
3373 3515
3374 4318
3374 5049
3383 5220
3386 4977
3386 4230
3386 5051
3386 4606
3386 4455
3386 4253
3388 3460
3389 3874
3391 5178
3392 3434
3407 5049
3407 4050
3409 4651
3409 3421
3410 4517
3412 4224
3413 3413
3417 5028
3417 4244
3425 4714
3429 3637
3429 4653
3434 3845
3434 5006
3434 4815
3437 4724
3437 4471
3437 4896
3439 4636
3439 4378
3439 3473
3448 4541
3448 4805
3453 4083
3453 3453
3453 5049
3453 4586
3456 4959
3456 4698
3456 3495
3457 4142
3458 5173
3460 5260
3461 4230
3467 3988
3471 4451
3471 3502
3473 3482
3473 4517
3473 4612
3475 4654
3475 3801
3482 3745
3482 4583
3495 5049
3495 3495
3496 3777
3499 5162
3499 3746
3499 5151
3501 4321
3502 5224
3502 4509
3503 4901
3513 4627
3513 4909
3522 3907
3524 4875
3526 4566
3540 4838
3540 3570
3541 4484
3541 4627
3541 5158
3545 4450
3546 4154
3546 3546
3551 4866
3551 4079
3562 3678
3562 4180
3565 4733
3565 3752
3570 4531
3570 3703
3570 3575
3570 3613
3571 4180
3581 3881
3581 4224
3588 4602
3588 4484
3590 5236
3593 3667
3594 4899
3594 3987
3607 3839
3608 4266
3608 3608
3622 4901
3627 4304
3635 4119
3637 5051
3637 4517
3637 3753
3637 5004
3637 5237
3637 4182
3637 4879
3637 4696
3637 4285
3638 3678
3638 4222
3638 5221
3642 4087
3656 4187
3656 4126
3661 4812
3661 5171
3661 4389
3661 4633
3664 3885
3664 4724
3664 4857
3668 3740
3668 3741
3671 5101
3672 3819
3678 4253
3689 4096
3691 4126
3704 3919
3715 4531
3715 4782
3715 5042
3717 4363
3723 4336
3724 4395
3730 4129
3731 4851
3741 4054
3741 3741
3745 4636
3745 4464
3745 4945
3745 3985
3745 4483
3746 3985
3747 4426
3747 5099
3747 4047
3747 3967
3747 4676
3747 4093
3747 3999
3752 4786
3758 4464
3765 4003
3775 4438
3777 3777
3777 4464
3777 4099
3777 4095
3787 4118
3789 4809
3790 3791
3790 4285
3801 4654
3808 4388
3815 4993
3817 5101
3817 3817
3817 4683
3819 3839
3836 4574
3836 4587
3839 3985
3840 4812
3845 4966
3853 4394
3853 4068
3853 4980
3854 4853
3866 4131
3870 4318
3870 3870
3870 4523
3870 4548
3874 4074
3874 4980
3881 4588
3883 4865
3885 4857
3885 4266
3887 4111
3896 3896
3898 4901
3907 4211
3911 4798
3916 4365
3923 4775
3933 4540
3941 4282
3944 4131
3945 5262
3953 4598
3957 3957
3985 4450
3985 4583
3985 4696
3986 5122
3986 4745
3986 4036
3988 4924
3988 4909
3990 4633
3990 4812
3990 5171
3996 4285
4003 4427
4003 4995
4004 4928
4015 4015
4017 4617
4017 4873
4017 4865
4017 4079
4023 4044
4023 4084
4023 4078
4033 4033
4036 4888
4037 4901
4038 4908
4044 4084
4048 4811
4064 4420
4068 4435
4072 5240
4072 4471
4074 4138
4075 4977
4076 4245
4076 5039
4076 4141
4078 4224
4079 4204
4087 5199
4087 4223
4088 4870
4096 5242
4096 4292
4096 4692
4096 5178
4096 4128
4096 4680
4096 5245
4096 4266
4099 4488
4109 4803
4115 5186
4118 4601
4118 4118
4125 5262
4125 5233
4128 4692
4128 5242
4128 5245
4131 4805
4146 4146
4159 5062
4159 4721
4166 4900
4166 5128
4168 5183
4168 4865
4168 4541
4172 5015
4180 4900
4182 4182
4194 4378
4197 4805
4197 4400
4204 4253
4204 4204
4204 4745
4205 5122
4209 5178
4222 5221
4223 4223
4224 4258
4224 4577
4230 5224
4230 4601
4237 4450
4245 5147
4246 4865
4247 4438
4247 4621
4253 4606
4253 4935
4258 4781
4263 4363
4266 4680
4271 5175
4282 4958
4285 4286
4292 5242
4292 5178
4292 4692
4292 5245
4292 4597
4304 4891
4309 5186
4310 4749
4348 4450
4360 4865
4363 4958
4364 5242
4364 4692
4364 4627
4374 4400
4378 4566
4378 4481
4389 5171
4389 4812
4400 5146
4400 4647
4400 5057
4400 4474
4417 4450
4418 4741
4430 4803
4430 4596
4431 4873
4435 4528
4438 4621
4450 4795
4478 4739
4484 4602
4486 4486
4487 5061
4488 5262
4488 5015
4531 5049
4531 4968
4533 4749
4534 4761
4534 4552
4560 4611
4560 4560
4574 4587
4583 4636
4583 4612
4588 5007
4597 5242
4597 4680
4597 5245
4597 5178
4598 4723
4601 4813
4606 5224
4607 4607
4627 5242
4627 5178
4627 4692
4627 4680
4633 4812
4639 5173
4654 4654
4654 5213
4654 5055
4680 4692
4680 5178
4680 5245
4682 4743
4683 5101
4692 5242
4692 5178
4692 5245
4699 4699
4709 5106
4723 5057
4724 5047
4733 4786
4733 5119
4749 4851
4749 5117
4749 4949
4805 5128
4812 5171
4815 5006
4815 4815
4840 4899
4865 5108
4865 5029
4879 5063
4909 4924
4932 4932
4944 5062
4947 4970
4999 5028
5024 5024
5047 5122
5049 5049
5061 5061
5062 5062
5128 5146
5132 5246
5147 5147
5178 5242
5178 5245
5242 5245
5262 5262
